0.00
0.17
0.35
0.52
0.70
0.87
1.05
1.22
1.39
1.56
1.74
1.91
2.08
2.25
2.42
2.59
2.76
2.92
3.09
3.26
3.42
3.58
3.75
3.91
4.07
4.23
4.38
4.54
4.69
4.85
5.00
5.15
5.30
5.45
5.59
5.74
5.88
6.02
6.16
6.29
6.43
6.56
6.69
6.82
6.95
7.07
7.19
7.31
7.43
7.55
7.66
7.77
7.88
7.99
8.09
8.19
8.29
8.39
8.48
8.57
8.66
8.75
8.83
8.91
8.99
9.06
9.14
9.21
9.27
9.34
9.40
9.46
9.51
9.56
9.61
9.66
9.70
9.74
9.78
9.82
9.85
9.88
9.90
9.93
9.95
9.96
9.98
9.99
9.99
10.00
10.00
10.00
9.99
9.99
9.98
9.96
9.95
9.93
9.90
9.88
9.85
9.82
9.78
9.74
9.70
9.66
9.61
9.56
9.51
9.46
9.40
9.34
9.27
9.21
9.14
9.06
8.99
8.91
8.83
8.75
8.66
8.57
8.48
8.39
8.29
8.19
8.09
7.99
7.88
7.77
7.66
7.55
7.43
7.31
7.19
7.07
6.95
6.82
6.69
6.56
6.43
6.29
6.16
6.02
5.88
5.74
5.59
5.45
5.30
5.15
5.00
4.85
4.69
4.54
4.38
4.23
4.07
3.91
3.75
3.58
3.42
3.26
3.09
2.92
2.76
2.59
2.42
2.25
2.08
1.91
1.74
1.56
1.39
1.22
1.05
0.87
0.70
0.52
0.35
0.17
-0.00
-0.17
-0.35
-0.52
-0.70
-0.87
-1.05
-1.22
-1.39
-1.56
-1.74
-1.91
-2.08
-2.25
-2.42
-2.59
-2.76
-2.92
-3.09
-3.26
-3.42
-3.58
-3.75
-3.91
-4.07
-4.23
-4.38
-4.54
-4.69
-4.85
-5.00
-5.15
-5.30
-5.45
-5.59
-5.74
-5.88
-6.02
-6.16
-6.29
-6.43
-6.56
-6.69
-6.82
-6.95
-7.07
-7.19
-7.31
-7.43
-7.55
-7.66
-7.77
-7.88
-7.99
-8.09
-8.19
-8.29
-8.39
-8.48
-8.57
-8.66
-8.75
-8.83
-8.91
-8.99
-9.06
-9.14
-9.21
-9.27
-9.34
-9.40
-9.46
-9.51
-9.56
-9.61
-9.66
-9.70
-9.74
-9.78
-9.82
-9.85
-9.88
-9.90
-9.93
-9.95
-9.96
-9.98
-9.99
-9.99
-10.00
-10.00
-10.00
-9.99
-9.99
-9.98
-9.96
-9.95
-9.93
-9.90
-9.88
-9.85
-9.82
-9.78
-9.74
-9.70
-9.66
-9.61
-9.56
-9.51
-9.46
-9.40
-9.34
-9.27
-9.21
-9.14
-9.06
-8.99
-8.91
-8.83
-8.75
-8.66
-8.57
-8.48
-8.39
-8.29
-8.19
-8.09
-7.99
-7.88
-7.77
-7.66
-7.55
-7.43
-7.31
-7.19
-7.07
-6.95
-6.82
-6.69
-6.56
-6.43
-6.29
-6.16
-6.02
-5.88
-5.74
-5.59
-5.45
-5.30
-5.15
-5.00
-4.85
-4.69
-4.54
-4.38
-4.23
-4.07
-3.91
-3.75
-3.58
-3.42
-3.26
-3.09
-2.92
-2.76
-2.59
-2.42
-2.25
-2.08
-1.91
-1.74
-1.56
-1.39
-1.22
-1.05
-0.87
-0.70
-0.52
-0.35
-0.17
0.00
0.17
0.35
0.52
0.70
0.87
1.05
1.22
1.39
1.56
1.74
1.91
2.08
2.25
2.42
2.59
2.76
2.92
3.09
3.26
3.42
3.58
3.75
3.91
4.07
4.23
4.38
4.54
4.69
4.85
5.00
5.15
5.30
5.45
5.59
5.74
5.88
6.02
6.16
6.29
6.43
6.56
6.69
6.82
6.95
7.07
7.19
7.31
7.43
7.55
7.66
7.77
7.88
7.99
8.09
8.19
8.29
8.39
8.48
8.57
8.66
8.75
8.83
8.91
8.99
9.06
9.14
9.21
9.27
9.34
9.40
9.46
9.51
9.56
9.61
9.66
9.70
9.74
9.78
9.82
9.85
9.88
9.90
9.93
9.95
9.96
9.98
9.99
9.99
10.00
10.00
10.00
9.99
9.99
9.98
9.96
9.95
9.93
9.90
9.88
9.85
9.82
9.78
9.74
9.70
9.66
9.61
9.56
9.51
9.46
9.40
9.34
9.27
9.21
9.14
9.06
8.99
8.91
8.83
8.75
8.66
8.57
8.48
8.39
8.29
8.19
8.09
7.99
7.88
7.77
7.66
7.55
7.43
7.31
7.19
7.07
6.95
6.82
6.69
6.56
6.43
6.29
6.16
6.02
5.88
5.74
5.59
5.45
5.30
5.15
5.00
4.85
4.69
4.54
4.38
4.23
4.07
3.91
3.75
3.58
3.42
3.26
3.09
2.92
2.76
2.59
2.42
2.25
2.08
1.91
1.74
1.56
1.39
1.22
1.05
0.87
0.70
0.52
0.35
0.17
-0.00
-0.17
-0.35
-0.52
-0.70
-0.87
-1.05
-1.22
-1.39
-1.56
-1.74
-1.91
-2.08
-2.25
-2.42
-2.59
-2.76
-2.92
-3.09
-3.26
-3.42
-3.58
-3.75
-3.91
-4.07
-4.23
-4.38
-4.54
-4.69
-4.85
-5.00
-5.15
-5.30
-5.45
-5.59
-5.74
-5.88
-6.02
-6.16
-6.29
-6.43
-6.56
-6.69
-6.82
-6.95
-7.07
-7.19
-7.31
-7.43
-7.55
-7.66
-7.77
-7.88
-7.99
-8.09
-8.19
-8.29
-8.39
-8.48
-8.57
